# -*- python coding: utf-8 -*-
# @Time: 6月 06, 2022
# ---
import numpy as np

# rgb
rgb_Kl = np.array([
    [2659.10161702796, 0, 0],
    [0, 2658.65148511325, 0],
    [193.414666185972, 449.778628219604, 1]
]).T
rgb_Kr = np.array([
    [2706.42091960630, 0, 0],
    [0, 2706.86737444804, 0],
    [321.375119675573, 227.492205003693, 1]
]).T

rgb_R = np.array([
    [0.996138616846885, -0.0137430627883376, 0.0867120767342788],
    [0.0206072640500844, 0.996679849907717, -0.0787693941597978],
    [-0.0853416468949700, 0.0802521340098025, 0.993114494049970]
]).T

rgb_T = np.array([
    [-196.681119088650],
    [-3.31511273454602],
    [45.7406770718795]
])

# gray
gray_Kl = np.array([
    [3797.26920802702, 0, 0],
    [0, 3753.32186532935, 0],
    [696.804148827727, 582.979759302911, 1]
]).T
gray_Kr = np.array([
    [3814.46178317995, 0, 0],
    [0, 3773.15266254223, 0],
    [631.786373875340, 556.676792239991, 1]
]).T

gray_R = np.array([
    [0.999958689431759, 0.00599009630407988, 0.00683653246800831],
    [-0.00602153654762897, 0.999971347204027, 0.00458757763627231],
    [-0.00680885655039463, -0.00462855455094848, 0.999966107403268]
]).T

gray_T = np.array([
    [-65.4386922856851],
    [-0.800379030960776],
    [18.0378319058464]
])

# left
left_Kl = np.array([
    [2.89383438e+03, 0.00000000e+00, 3.32717089e+02],
    [0.00000000e+00, 2.89868021e+03, 1.55639342e+02],
    [0.00000000e+00, 0.00000000e+00, 1.00000000e+00]
])
left_Kr = np.array([
    [4.26650263e+03, 0.00000000e+00, 5.92238376e+02],
    [0.00000000e+00, 4.27956406e+03, 3.51211258e+02],
    [0.00000000e+00, 0.00000000e+00, 1.00000000e+00]
])

left_R = np.array([
    [0.99990448, 0.01112273, -0.00820455],
    [-0.01083908, 0.99936843, 0.03384174],
    [0.00857578, -0.03374958, 0.99939353]
])

left_T = np.array([
    [-59.69706679],
    [1.77748789],
    [-53.9304265]
])

# right
right_Kl = np.array([
    [6.70268246e+03, 0.00000000e+00, 5.15516179e+02],
    [0.00000000e+00, 6.72932604e+03, 1.47351375e+02],
    [0.00000000e+00, 0.00000000e+00, 1.00000000e+00]
])
right_Kr = np.array([
    [5.42465173e+03, 0.00000000e+00, 6.25369260e+02],
    [0.00000000e+00, 5.43796541e+03, 4.78378600e+02],
    [0.00000000e+00, 0.00000000e+00, 1.00000000e+00]
])

right_R = np.array([
    [0.99883506, 0.0065469, -0.04780857],
    [-0.01176697, 0.99389103, -0.10973675],
    [0.04679807, 0.11017147, 0.99281025]
])

right_T = np.array([
    [-339.96354788],
    [-84.89222249],
    [1740.11494611]
])
