epoch:0 0.31988540149830086  0.8866301369863013
epoch:1 0.29492931633642905  0.8896986301369862
